#bins    mc      EpM      M       E
1	609.86	664.18	666.18	662.38
2	103.36	118.76	118.79	118.39
3	7.47	13.83	13.92	13.76
4	2.87	2.87	2.87	2.87
5	60.15	76.25	75.27	77.18
6	43.77	43.78	41.04	47.95
7	7.6	10.88	11.35	10.86
8	5.03	6.51	4.59	8.1
9	9.01	9.01	9.01	9.01
10	0.04	5.8	6.54	3.85
11	19.79	3.25	2.46	3.52
12	10.42	12.4	11.5	13.63
13	1.34	1.34	1.34	1.34
14	0.99	0.99	0.99	0.99
15	5.55	5.55	5.55	5.55
16	1057.89	1213.01	1213.75	1211.43
17	530.6	665.31	666.36	662.6
18	667.32	853.59	854.9	851.22
19	134.51	159.71	156.78	163.17
20	1721.16	1991.71	1978.55	2005.72
21	1052.87	1310.39	1311.77	1307.77
22	619.32	626.01	627.5	624.57
23	2047.94	2386.52	2374.62	2399.21
24	631.64	663.87	664.96	661.76
25	1471.29	1728.26	1717.56	1739.65
26	786.78	926.08	926.98	924.36
27	421.51	403.66	404.41	402.93
28	3393.35	3910.47	3892.89	3928.92
29	3393.35	3910.47	3892.89	3928.92
30	3393.35	3910.47	3892.89	3928.92
31	153.83	219.94	216.31	224.63
32	143.16	167.39	164.84	169.31
33	75.62	81.8	81.8	81.84
34	199.23	272.26	268.67	276.78
35	79.99	80.36	79.21	80.98
36	123.86	185.56	182.63	189.35
37	107.36	120.21	118.44	121.54
38	48	48.65	48.66	48.67
39	372.61	463.94	457.55	471.42
40	372.61	463.94	457.55	471.42
41	199.23	272.26	268.67	276.78
42	79.99	80.36	79.21	80.98
43	243.43	314.89	310.28	320.71
44	104.55	117.27	115.87	118.01
45	243.43	314.89	310.28	320.71
46	104.55	117.27	115.87	118.01
47	383.09	469.49	462.88	477.21
48	228.46	301.42	297.51	306.35
49	96.58	102.82	101.56	103.49
50	24.46	44.55	43.44	45.66
51	27.77	24.96	25.21	24.55
52	12.13	12.21	11.6	12.83
53	64.36	81.07	79.59	82.65
54	24.46	44.55	43.44	45.66
55	27.77	24.96	25.21	24.55
56	12.13	12.21	11.6	12.83
57	82.61	96.85	94.69	99.16
58	82.61	96.85	94.69	99.16
59	45.82	62.53	61.29	63.86
60	18.55	18.69	18.72	18.64
61	52.65	68.81	66.86	70.87
62	29.97	28.19	28.23	28.14
63	52.65	68.81	66.86	70.87
64	29.97	28.19	28.23	28.14
65	85.44	96.08	93.37	98.99
66	72.71	92.1	90.25	94.09
67	162.68	181.13	181.99	180.36
68	38.98	55.62	55.63	55.42
69	1.94	1.94	1.94	1.94
70	2.87	2.87	2.87	2.87
71	2.14	5.19	5	5.37
72	10.67	10.67	10.67	10.67
73	1.57	7.66	7.82	7.65
74	1.33	1.33	1.33	1.33
75	1.3	1.3	1.3	1.3
76	0.04	5.8	6.54	3.85
77	0.35	0.35	0.35	0.35
78	1.1	1.1	1.1	1.1
79	1.34	1.34	1.34	1.34
80	0.99	0.99	0.99	0.99
81	2.14	2.14	2.14	2.14
82	563.07	589.2	590.06	587.37
83	241.81	351.06	351.68	349.43
84	183.67	194.8	195.27	193.97
85	33.44	38.76	37.41	40.36
86	0.44	8	7.92	8.09
87	17.01	18.42	18.51	18.23
88	24.09	22.31	22.35	22.26
89	356.56	441.84	439.1	444.77
90	214.49	264.29	264.74	263.42
91	223.16	242.41	240.35	244.59
92	205.1	296.12	296.46	295.46
93	142.8	171.32	171.71	170.94
94	62.46	88.84	88.24	89.47
95	62.46	88.84	88.24	89.47
96	62.46	88.84	88.24	89.47
97	0.01	0.01	0.01	0.01
98	2.39	2.39	2.39	2.39
99	5.12	5.12	5.12	5.12
100	44.2	42.63	41.61	43.92
101	24.55	36.9	36.66	37.04
102	25.4	24.94	24.31	25.76
103	25.91	35.03	34.34	35.55
104	17.44	20.94	20.94	20.95
105	10.48	10.48	10.48	10.48
106	10.48	10.48	10.48	10.48
107	44.2	42.63	41.61	43.92
108	24.55	36.9	36.66	37.04
109	11.37	17.21	17.1	17.36
110	18.81	22.14	21.57	22.44
111	11.37	17.21	17.1	17.36
112	18.81	22.14	21.57	22.44
113	27.48	29.61	28.73	30.74
114	30.58	38.54	37.69	39
115	2.77	2.77	2.77	2.77
116	7.43	6.72	6.97	6.3
117	10.01	10.01	10.01	10.01
118	20.21	16.54	15.84	17.28
119	2.77	2.77	2.77	2.77
120	7.43	6.72	6.97	6.3
121	10.01	10.01	10.01	10.01
122	2.83	2.83	2.83	2.83
123	2.83	2.83	2.83	2.83
124	6.83	6.27	5.57	7.02
125	11.42	9.51	9.51	9.5
126	0.77	0.77	0.77	0.77
127	2.06	2.06	2.06	2.06
128	0.77	0.77	0.77	0.77
129	2.06	2.06	2.06	2.06
130	12.72	3.98	3.12	4.9
131	52.04	57.83	58.18	57.52
132	11.13	14.23	14.24	14.17
133	0.94	0.94	0.94	0.94
134	2.87	2.87	2.87	2.87
135	2.14	5.19	5	5.37
136	10.67	10.67	10.67	10.67
137	0.92	0.92	0.92	0.92
138	1.12	1.12	1.12	1.12
139	1.3	1.3	1.3	1.3
140	0.04	5.8	6.54	3.85
141	0.35	0.35	0.35	0.35
142	1.1	1.1	1.1	1.1
143	1.34	1.34	1.34	1.34
144	0.99	0.99	0.99	0.99
145	2.14	2.14	2.14	2.14
146	95.48	102.3	102.57	101.71
147	56.55	98.83	99	98.42
148	39.22	53.67	53.82	53.41
149	15.39	11.61	11.28	12
150	0.54	0.54	0.54	0.54
151	3.56	10.11	10.13	10.05
152	16.83	31.34	31.42	31.26
153	68	113.4	112.61	114.24
154	137.19	134.79	135.46	133.48
155	26.72	21.05	20.64	21.48
156	60.99	88.19	88.32	87.95
157	55.02	51.03	51.38	50.7
158	0	0	0	0
159	0.58	0.58	0.58	0.58
160	2.38	2.38	2.38	2.38
161	12.51	16.15	15.96	16.38
162	22.61	24.1	23.37	24.48
163	4.57	9.44	9.37	9.53
164	9.89	12.15	12.07	12.22
165	10.18	12.2	12.2	12.23
166	12.51	16.15	15.96	16.38
167	22.61	24.1	23.37	24.48
168	1.14	1.14	1.14	1.14
169	3.8	3.8	3.8	3.8
170	1.14	1.14	1.14	1.14
171	3.8	3.8	3.8	3.8
172	0	0	0	0
173	0	0	0	0
174	0.87	0.87	0.87	0.87
175	0.87	0.87	0.87	0.87
176	0	0	0	0
177	0	0	0	0
178	0.87	0.87	0.87	0.87
179	0.77	0.77	0.77	0.77
180	2.06	2.06	2.06	2.06
181	25.77	43.19	43.49	42.92
182	5.81	11.73	11.74	11.67
183	0.94	0.94	0.94	0.94
184	2.87	2.87	2.87	2.87
185	2.14	5.19	5	5.37
186	10.67	10.67	10.67	10.67
187	0.92	0.92	0.92	0.92
188	1.12	1.12	1.12	1.12
189	31.2	53.32	53.39	53.16
190	17.31	25.7	25.8	25.45
191	18.5	28.3	28.39	28.14
192	3.66	3.66	3.66	3.66
193	0.44	8	7.92	8.09
194	17.01	18.42	18.51	18.23
195	24.09	22.31	22.35	22.26
196	0.01	0.01	0.01	0.01
197	2.39	2.39	2.39	2.39
198	5.12	5.12	5.12	5.12
199	0.54	0.54	0.54	0.54
200	3.56	10.11	10.13	10.05
201	16.83	31.34	31.42	31.26
202	0	0	0	0
203	0.58	0.58	0.58	0.58
204	2.38	2.38	2.38	2.38

